3019            1760                 0                 176                251.68           2187.68
3020            2320                 0                 232                331.76           2883.76
3021            2540               254               228.6               326.898            2841.5
3022             495              49.5               44.55               63.7065           553.756
3023            1215             121.5              109.35                156.37           1359.22
3024               0                 0                   0                     0                 0
3025            5550                 0                 555                793.65           6898.65
3026             405                 0                40.5                57.915           503.415
3027             230                23                20.7                29.601           257.301
3028            3910                 0                 391                559.13           4860.13
3029            1950                 0                 195                278.85           2423.85
3030             230              27.6               20.24               28.9432           251.583
3031             330                 0                  33                 47.19            410.19
